1061116: 22092310, 19841480, 18854156
1061118: 29871740, 29808326, 29800702, 29797457, 29720103, 29706322, 29686076, 29662477, 29632008, 29620472, 29534913, 29504631, 29503641, 29500373, 29494311, 29476400, 29476397, 29458660, 29408435, 29397163
1061119: 28862774, 27974172, 27450012, 26874520, 26517555, 26195593, 25484163, 25411316, 25368150, 24214339, 24036154, 23284295, 22617484, 22542622, 22342069, 22321371, 21187148, 21145792, 20465561, 20386912
1061123: 25495903, 24961696, 22286050, 19564499, 12399033, 11591671
1061124: 29594557, 29562342, 29493489, 29340022, 28802275, 28735897, 28638454, 28605670, 28127816, 27596250, 27449097, 27374870, 27058167, 26865112, 26773382, 26756139, 26676758, 26544712, 26529022, 26239383
1061125: 3910100
1061126: 29258435, 29193784, 28894100, 28573276, 28511668, 28389563, 28334956, 28141848, 27895092, 27487922, 27025250, 26757803, 26691161, 26563764, 26405198, 26399413, 25942369, 25878106, 25758703, 25651436
1061127: 26025090, 22092767, 19564499, 8467083
1061128: 23563155, 19943900, 19744498, 19074952, 17277452, 17003052, 16002087, 15556628, 12718886
1061283: 29878199, 29878089, 29877797, 29877691, 29877055, 29876803, 29876066, 29875767, 29875696, 29875411, 29875175, 29874397, 29872448, 29872378, 29872333, 29872332, 29871943, 29871706, 29865762, 29865552
1061284: 29777624, 29754261, 29077741, 28752945, 27672730, 27501982, 27442630, 26833688, 26777906, 25112878, 24431521, 24385477, 24022274, 23770122, 22462683, 22451384, 22280966, 22260045, 22144481, 21683879
